6 24
0 1 141.66666666666669
0 2 75.0
0 3 33.33333333333333
0 4 33.33333333333333
0 5 33.33333333333333
1 0 141.66666666666669
1 2 150.0
1 3 33.33333333333333
1 4 33.33333333333333
1 5 33.33333333333333
2 0 75.0
2 1 150.0
2 3 33.33333333333333
2 4 33.33333333333333
2 5 33.33333333333333
3 0 33.33333333333333
3 1 33.33333333333333
3 2 33.33333333333333
4 0 33.33333333333333
4 1 33.33333333333333
4 2 33.33333333333333
5 0 33.33333333333333
5 1 33.33333333333333
5 2 33.33333333333333
